
FaceDetected =
[
  TimeStamp,
  [ FaceInfo[N], Time_Filtered_Reco_Info ],
  CameraPose_InTorsoFrame,
  CameraPose_InRobotFrame,
  Camera_Id
]

FaceDetected =
[
  TimeStamp = [1411797684, 857287], 
  [
    FaceInfo[N] = 
    [
      [0, 
        -0.021838456392288208, 
        -0.05798855796456337, 
        0.06863507628440857, 
        0.07087491452693939
      ], 
      [211, 0.15200001001358032, ' \xe3\x82\x88\xe3\x81\x93\xe3\x81\x9f ', 
        [-0.006239576265215874, -0.06765333563089371, -0.012479092925786972, -0.06765333563089371, -0.0, -0.06765333563089371, 0.0, 0.0, 0.0, 0.0, 0.0, 0.0, 0.0, 0.0],  
        [-0.03431754931807518, -0.07087491452693939, -0.028077974915504456, -0.06765333563089371, -0.04055706784129143, -0.07087491452693939, 0.0, 0.0, 0.0, 0.0, 0.0, 0.0, 0.0, 0.0], 
        [0.0, 0.0, 0.0, 0.0, 0.0, 0.0], 
        [0.0, 0.0, 0.0, 0.0, 0.0, 0.0], 
        [-0.021838456392288208, -0.04832380637526512, -0.015598881058394909, -0.04832380637526512, -0.028077974915504456, -0.04832380637526512], 
        [-0.015598881058394909, -0.0354374460875988, -0.03431754931807518, -0.03865905478596687, -0.021838456392288208, -0.041880637407302856, 0.0, 0.0, 0.0, 0.0, 0.0, 0.0, 0.0, 0.0, 0.0, 0.0]
      ]
    ], 
    Time_Filtered_Reco_Info = [2, [' \xe3\x82\x88\xe3\x81\x93\xe3\x81\x9f '] ]
  ], 
  [0.0557231642305851, 0.0,                  0.32912254333496094, 
   0.0,                0.042951345443725586, 0.0], 
  [0.06750671565532684, 0.0035904087126255035, 1.1470305919647217, -0.007687651086598635, 0.07516375929117203, -0.00033026147866621614],
  0
]

